6.666943690264940418e-06 -4.487982822256086651e-07 -1.008333086603576473e-05 -2.340865373959778294e-07 -6.341275123882800344e-05 2.573305783666227737e-06
-4.487982822256086651e-07 3.925223434940165287e-06 -1.619208034295032544e-03 7.487993441015623450e-09 2.406783335837920762e-06 2.811362341634072325e-09
-1.008333086603576473e-05 -1.619208034295032544e-03 7.092812812023525648e-01 3.470112834196807045e-06 6.452776178923232261e-04 -4.568253169681937213e-05
-2.340865373959778294e-07 7.487993441015623450e-09 3.470112834196807045e-06 9.438243275134110048e-09 3.398400696641062831e-06 -2.230856726130177464e-07
-6.341275123882800344e-05 2.406783335837920762e-06 6.452776178923232261e-04 3.398400696641062831e-06 2.082333415660571948e-03 -1.740108458616107306e-04
2.573305783666227737e-06 2.811362341634072325e-09 -4.568253169681937213e-05 -2.230856726130177464e-07 -1.740108458616107306e-04 1.758318827242328044e-05
