2.020242405729660590e-03 -2.678884633199425593e-04 2.159099698179344287e-02 -3.185707014441870575e-05 -7.953965547257423746e-03 1.400185370501735582e-01
-2.678884633199425593e-04 4.627076725885226642e-05 -3.973340760936710896e-03 4.294041125903673921e-06 1.089713858426503241e-03 -1.935084817292687803e-02
2.159099698179344287e-02 -3.973340760936710896e-03 4.695444906913311955e-01 -3.417603748071266676e-04 -8.716149991772070837e-02 1.534249977975874035e+00
-3.185707014441870575e-05 4.294041125903673921e-06 -3.417603748071266676e-04 5.054016817004538121e-07 1.263162412617280044e-04 -2.232687363757120038e-03
-7.953965547257423746e-03 1.089713858426503241e-03 -8.716149991772070837e-02 1.263162412617280044e-04 3.171940806869438106e-02 -5.612725125426759609e-01
1.400185370501735582e-01 -1.935084817292687803e-02 1.534249977975874035e+00 -2.232687363757120038e-03 -5.612725125426759609e-01 9.969412603575495524e+00
