1.048425715704022189e-10 -2.959531731728187863e-11 -5.581656909280014327e-08 -4.265457817105412638e-09 -1.649070424314575422e-08 -7.330880162391321825e-06
-2.959531731728187863e-11 1.987545978141977830e-11 -2.201228646307799210e-06 1.116745961904382035e-09 5.243179273884429339e-09 1.922110948338632439e-06
-5.581656909280014327e-08 -2.201228646307799210e-06 4.750851565544043087e-01 2.038977347210454199e-05 -1.311901641025360805e-04 3.654752430551132941e-02
-4.265457817105412638e-09 1.116745961904382035e-09 2.038977347210454199e-05 1.771193168440369065e-07 7.900807605657500828e-07 2.687627768834510429e-04
-1.649070424314575422e-08 5.243179273884429339e-09 -1.311901641025360805e-04 7.900807605657500828e-07 3.222179865366476295e-05 -2.541968028869772377e-03
-7.330880162391321825e-06 1.922110948338632439e-06 3.654752430551132941e-02 2.687627768834510429e-04 -2.541968028869772377e-03 1.292256747352477531e+00
