6.898422720235138431e-03 1.701334334134465089e-04 -5.242422126833532446e-03 -1.071310362919305895e-04 -1.833786227340837918e-02 6.816219223038335606e-01
1.701334334134465089e-04 6.282475183757515820e-06 -6.162409541252469045e-04 -2.644702551851378545e-06 -4.530810410729659184e-04 1.684965186540237150e-02
-5.242422126833532446e-03 -6.162409541252469045e-04 2.555890008067251418e-01 8.108308138688981792e-05 1.399014444102482206e-02 -5.194325479295266446e-01
-1.071310362919305895e-04 -2.644702551851378545e-06 8.108308138688981792e-05 1.665004968799176395e-06 2.850358831452427517e-04 -1.059863700286357846e-02
-1.833786227340837918e-02 -4.530810410729659184e-04 1.399014444102482206e-02 2.850358831452427517e-04 4.881959922911316418e-02 -1.815417088495939302e+00
6.816219223038335606e-01 1.684965186540237150e-02 -5.194325479295266446e-01 -1.059863700286357846e-02 -1.815417088495939302e+00 6.752406432719952534e+01
