3.851855099182695040e-06 3.891281886774521057e-06 7.575347502365321613e-05 -6.843675110566722783e-07 -1.995040311689632974e-05 -6.573409411745909179e-04
3.891281886774521057e-06 4.010656979788803133e-06 -1.069504928169144581e-04 -6.600040808108923915e-07 -1.819218154841720401e-05 -6.650246105224109005e-04
7.575347502365321613e-05 -1.069504928169144581e-04 4.972306099515833022e-01 -7.798790889096678548e-05 -4.432424170582051869e-03 -8.889744482306936868e-02
-6.843675110566722783e-07 -6.600040808108923915e-07 -7.798790889096678548e-05 1.381053676001162383e-07 4.569009507882112473e-06 7.671540677516158215e-05
-1.995040311689632974e-05 -1.819218154841720401e-05 -4.432424170582051869e-03 4.569009507882112473e-06 2.396098633371940821e-04 -3.551819494783002660e-03
-6.573409411745909179e-04 -6.650246105224109005e-04 -8.889744482306936868e-02 7.671540677516158215e-05 -3.551819494783002660e-03 1.003120945797565611e+00
