2.829556146754382042e-05 2.323908610273929689e-05 5.454774136618515534e-05 -1.357770863715355861e-04 -2.784576034384958075e-04 -9.907827211734007028e-05
2.323908610273929689e-05 1.995349211202803829e-05 -4.491462629743117726e-05 -1.101166123167790007e-04 -2.066678440201584564e-04 -9.941426715459833691e-05
5.454774136618515534e-05 -4.491462629743117726e-05 2.670832707598165545e-02 -5.611806962105824479e-04 -2.672557511956437197e-03 -1.335327823149113735e-04
-1.357770863715355861e-04 -1.101166123167790007e-04 -5.611806962105824479e-04 6.911706772595431090e-04 1.358773183343382112e-03 4.813915545783286395e-04
-2.784576034384958075e-04 -2.066678440201584564e-04 -2.672557511956437197e-03 1.358773183343382112e-03 3.843826378055586676e-03 -5.099569452233494553e-04
-9.907827211734007028e-05 -9.941426715459833691e-05 -1.335327823149113735e-04 4.813915545783286395e-04 -5.099569452233494553e-04 3.967081579142165554e-03
