1.686937683389177284e-07 -1.266722121555995941e-07 -5.094960217726472766e-07 -4.370125554802883938e-06 -1.067733047070781548e-05 -8.541646363896922798e-07
-1.266722121555995941e-07 1.158525781104958215e-07 -2.454271640520022312e-06 2.197788922046387543e-06 8.584777842226650176e-06 -1.232149285036393597e-06
-5.094960217726472766e-07 -2.454271640520022312e-06 1.110000878984446389e-02 -5.335862264038905594e-05 4.708034783356853092e-05 -7.123040633068296161e-05
-4.370125554802883938e-06 2.197788922046387543e-06 -5.335862264038905594e-05 1.859092871673294106e-04 2.202834991725425391e-04 1.484213144061630044e-04
-1.067733047070781548e-05 8.584777842226650176e-06 4.708034783356853092e-05 2.202834991725425391e-04 1.422007804908559381e-03 -6.193199691121289898e-04
-8.541646363896922798e-07 -1.232149285036393597e-06 -7.123040633068296161e-05 1.484213144061630044e-04 -6.193199691121289898e-04 8.507782894266352784e-04
