2.829971948900324852e-05 2.324206394577096237e-05 5.456598474676585775e-05 -1.357864717151665657e-04 -2.784893782350448838e-04 -9.907893130435366528e-05
2.324206394577096237e-05 1.995571364614270383e-05 -4.490917974334100629e-05 -1.101220592501591413e-04 -2.066876749195069416e-04 -9.941464408195224917e-05
5.456598474676585775e-05 -4.490917974334100629e-05 2.670852521564832591e-02 -5.612277632131743802e-04 -2.672779959823894103e-03 -1.335133529725041513e-04
-1.357864717151665657e-04 -1.101220592501591413e-04 -5.612277632131743802e-04 6.911640793853728124e-04 1.358823096518132784e-03 4.813542441209161626e-04
-2.784893782350448838e-04 -2.066876749195069416e-04 -2.672779959823894103e-03 1.358823096518132784e-03 3.844058795670722475e-03 -5.099794523164802003e-04
-9.907893130435366528e-05 -9.941464408195224917e-05 -1.335133529725041513e-04 4.813542441209161626e-04 -5.099794523164802003e-04 3.967008011052457726e-03
