4.092170675156434621e-05 2.994350277498796124e-05 3.260619942925030890e-04 -1.380886113649091066e-04 -3.728558767673041110e-04 -7.902481402793062784e-05
2.994350277498796124e-05 2.322029265999977501e-05 1.569553660872744991e-04 -9.890127913011114921e-05 -2.472212796878347921e-04 -8.346614371547531486e-05
3.260619942925030890e-04 1.569553660872744991e-04 2.086446180183502627e-02 -1.324816243685086360e-03 -4.433451208089956436e-03 -2.396085441542000544e-06
-1.380886113649091066e-04 -9.890127913011114921e-05 -1.324816243685086360e-03 4.986787681815125529e-04 1.288051972435783499e-03 2.625872128243265740e-04
-3.728558767673041110e-04 -2.472212796878347921e-04 -4.433451208089956436e-03 1.288051972435783499e-03 4.374358755494835160e-03 -6.657301058819926377e-04
-7.902481402793062784e-05 -8.346614371547531486e-05 -2.396085441542000544e-06 2.625872128243265740e-04 -6.657301058819926377e-04 3.275844215734822779e-03
