2.829433355336614475e-05 2.323822090955446359e-05 5.454228781343985671e-05 -1.357742832301382001e-04 -1.409528810136573610e-04 -9.907804563592192374e-05
2.323822090955446359e-05 1.995285856143932119e-05 -4.491622813807872211e-05 -1.101150438767734560e-04 -1.063187256376334845e-04 -9.941416714171284459e-05
5.454228781343985671e-05 -4.491622813807872211e-05 2.670827605802284302e-02 -5.611667147944058350e-04 -1.298999709113691494e-03 -1.335391297490143585e-04
-1.357742832301382001e-04 -1.101150438767734560e-04 -5.611667147944058350e-04 6.911723490535340037e-04 6.876784810693741673e-04 4.814022638245567883e-04
-1.409528810136573610e-04 -1.063187256376334845e-04 -1.298999709113691494e-03 6.876784810693741673e-04 8.806386462841336252e-04 1.511084966843105124e-05
-9.907804563592192374e-05 -9.941416714171284459e-05 -1.335391297490143585e-04 4.814022638245567883e-04 1.511084966843105124e-05 3.967102799280262763e-03
