1.944738849292150970e-05 1.141120434195304810e-05 1.064060440921640399e-04 -6.755029741198450069e-05 -1.021636145512719768e-04 2.861475599603641656e-05
1.141120434195304810e-05 7.511794665917020991e-06 3.770470607148259588e-05 -3.875326444302129982e-05 -5.654189265839620231e-05 1.024493840878232168e-05
1.064060440921640399e-04 3.770470607148259588e-05 1.247310428997358209e-02 -4.866837547768644513e-04 -6.242707476474589285e-04 8.632773932239590860e-05
-6.755029741198450069e-05 -3.875326444302129982e-05 -4.866837547768644513e-04 2.694502484843126246e-04 3.508502832331867314e-04 -3.682058059452628952e-05
-1.021636145512719768e-04 -5.654189265839620231e-05 -6.242707476474589285e-04 3.508502832331867314e-04 5.985181946582844234e-04 -3.109349329919349728e-04
2.861475599603641656e-05 1.024493840878232168e-05 8.632773932239590860e-05 -3.682058059452628952e-05 -3.109349329919349728e-04 9.519468875929305331e-04
