1.687141138037117358e-07 -1.266865271818604152e-07 -5.094131481858580780e-07 -4.370442401644754365e-06 -4.334639581115847297e-06 -8.543002420548766684e-07
-1.266865271818604152e-07 1.158642900762498572e-07 -2.454558724186669076e-06 2.197984151833097735e-06 3.035797796996326592e-06 -1.232094344298856992e-06
-5.094131481858580780e-07 -2.454558724186669076e-06 1.110003772600110829e-02 -5.335870171025481636e-05 1.552501048662894286e-06 -7.123090972717268331e-05
-4.370442401644754365e-06 2.197984151833097735e-06 -5.335870171025481636e-05 1.859091055141207679e-04 1.200483576046378368e-04 1.484196025583870056e-04
-4.334639581115847297e-06 3.035797796996326592e-06 1.552501048662894286e-06 1.200483576046378368e-04 1.475479475080090257e-04 -4.060282607384875189e-05
-8.543002420548766684e-07 -1.232094344298856992e-06 -7.123090972717268331e-05 1.484196025583870056e-04 -4.060282607384875189e-05 8.507715712359082425e-04
